2022-12-17/01:24:14 2585.987 -1.149 0.847 1.044
2022-12-17/05:15:50 1797.129 -1.334 0.470 0.601
2022-12-17/08:46:22 2360.647 -1.213 0.755 0.925
2022-12-17/12:20:14 2681.574 -1.095 0.908 1.097
2022-12-18/02:54:30 2825.077 -1.008 0.992 1.175
2022-12-18/06:31:37 2940.651 -0.947 1.045 1.232
2022-12-18/10:10:45 2946.141 -0.937 1.053 1.236
2022-12-18/13:51:01 2886.450 -0.959 1.033 1.209
2022-12-18/17:32:25 2762.637 -1.012 0.986 1.148
2022-12-18/21:05:21 3104.063 -0.831 1.129 1.313
2022-12-19/00:49:37 2831.356 -0.964 1.025 1.186
2022-12-19/04:32:57 2590.950 -1.065 0.929 1.065
2022-12-19/08:10:01 2716.835 -1.005 0.988 1.130
2022-12-19/15:23:00 3014.980 -0.843 1.115 1.279
2022-12-19/19:01:12 3068.216 -0.807 1.139 1.303
2022-12-20/02:21:08 2986.748 -0.836 1.118 1.269
2022-12-20/05:59:24 3034.898 -0.803 1.139 1.292
2022-12-20/09:37:00 3119.484 -0.746 1.174 1.331
2022-12-20/13:17:44 3039.665 -0.784 1.149 1.296
2022-12-20/16:59:16 2911.994 -0.848 1.106 1.238
2022-12-21/00:28:39 2264.846 -1.115 0.855 0.909
2022-12-21/04:13:59 1864.393 -1.223 0.676 0.684
2022-12-21/07:58:15 1524.425 -1.278 0.511 0.477
2022-12-21/11:26:03 2277.240 -1.095 0.877 0.920
2022-12-21/15:12:11 1825.480 -1.219 0.676 0.665
2022-12-21/18:46:43 2129.763 -1.133 0.823 0.842
2022-12-21/22:12:31 2931.721 -0.778 1.146 1.256
2022-12-22/01:54:47 2760.933 -0.860 1.089 1.176
2022-12-22/05:41:50 2286.982 -1.062 0.908 0.933
2022-12-22/09:19:14 2399.712 -1.013 0.959 0.994
2022-12-22/12:59:10 2355.618 -1.024 0.947 0.972
2022-12-22/16:36:18 2480.414 -0.965 1.001 1.040
2022-12-22/20:15:58 2451.580 -0.973 0.994 1.026
2022-12-22/23:56:18 2382.919 -0.994 0.973 0.991
2022-12-23/03:32:18 2575.963 -0.902 1.051 1.094
2022-12-23/07:15:38 2321.326 -1.007 0.957 0.962
2022-12-23/10:54:41 2331.686 -0.997 0.967 0.968
2022-12-23/14:30:29 2540.159 -0.899 1.051 1.079
2022-12-23/18:12:29 2366.197 -0.970 0.990 0.991
2022-12-23/21:51:33 2375.411 -0.961 0.998 0.996
2022-12-24/01:27:09 2594.570 -0.853 1.083 1.111
2022-12-24/05:23:17 1500.739 -1.213 0.619 0.493
2022-12-24/09:00:57 1602.995 -1.191 0.676 0.558
2022-12-24/12:33:53 2021.744 -1.071 0.875 0.808
2022-12-24/16:16:40 1784.179 -1.138 0.775 0.672
2022-12-24/20:00:56 1440.525 -1.209 0.612 0.460
2022-12-24/23:21:28 2643.122 -0.787 1.123 1.143
2022-12-25/03:09:52 2073.303 -1.030 0.917 0.844
2022-12-25/06:57:28 1511.691 -1.184 0.667 0.512
2022-12-25/10:53:12 496.098 -1.126 0.011 -0.248
2022-12-25/13:53:00 2940.054 -0.589 1.223 1.289
2022-12-25/18:07:12 730.121 -1.202 0.216 -0.039
2022-12-25/21:17:44 2576.913 -0.778 1.122 1.119
0000-00-00/00:00:00 NaN NaN NaN NaN
2022-12-26/04:28:35 3002.738 -0.516 1.248 1.323
2022-12-26/08:20:43 2243.699 -0.914 1.020 0.951
2022-12-26/11:36:11 3521.533 -0.122 1.345 1.534
2022-12-26/15:14:27 3561.841 -0.079 1.349 1.549
2022-12-26/19:37:27 978.008 -1.211 0.429 0.164
2022-12-26/23:08:31 1516.014 -1.137 0.732 0.531
2022-12-27/02:24:07 2981.554 -0.482 1.255 1.320
2022-12-27/06:29:46 1322.740 -1.168 0.646 0.411
2022-12-27/09:52:30 2401.931 -0.795 1.102 1.044
2022-12-27/13:26:22 2720.803 -0.618 1.198 1.204
2022-12-27/17:03:22 2844.826 -0.536 1.231 1.264
2022-12-27/21:07:18 1269.076 -1.162 0.640 0.380
2022-12-28/00:51:46 927.471 -1.192 0.445 0.138
2022-12-28/04:05:30 2582.503 -0.665 1.172 1.143
2022-12-28/08:07:06 1122.531 -1.173 0.577 0.285
2022-12-28/11:31:25 2112.561 -0.881 1.031 0.900
2022-12-28/15:30:45 792.731 -1.181 0.378 0.040
2022-12-28/18:51:05 2030.845 -0.903 1.010 0.858
2022-12-28/22:28:45 2127.629 -0.856 1.048 0.913
2022-12-29/02:08:37 2085.796 -0.868 1.038 0.892
2022-12-29/05:41:37 2475.256 -0.671 1.162 1.100
2022-12-29/09:36:33 1447.995 -1.081 0.787 0.516
2022-12-29/13:11:37 1726.232 -0.991 0.915 0.690
2022-12-29/16:45:53 2053.767 -0.856 1.043 0.881
2022-12-29/20:34:00 1457.108 -1.065 0.807 0.526
2022-12-30/00:07:36 1831.787 -0.935 0.970 0.757
2022-12-30/03:46:48 1832.565 -0.929 0.975 0.759
2022-12-30/07:31:00 1495.270 -1.039 0.840 0.556
2022-12-30/11:04:24 1881.304 -0.897 1.001 0.791
2022-12-30/14:57:28 960.273 -1.143 0.567 0.190
2022-12-30/18:32:56 1202.876 -1.100 0.712 0.367
2022-12-30/22:12:20 1186.302 -1.100 0.708 0.357
2022-12-31/01:48:59 1356.419 -1.055 0.800 0.473
2022-12-31/05:22:39 1729.093 -0.927 0.966 0.710
2022-12-31/09:01:19 1762.184 -0.909 0.982 0.732
2022-12-31/12:43:19 1572.235 -0.974 0.911 0.617
2022-12-31/16:27:31 1237.575 -1.068 0.762 0.400
2022-12-31/20:02:31 1518.656 -0.981 0.898 0.587
2022-12-31/23:42:07 1488.139 -0.986 0.889 0.569
