0000-00-00/00:00:00 NaN NaN NaN NaN
2022-12-17/06:13:42 1221.596 1.163 -0.444 -0.562
2022-12-17/09:49:22 993.236 0.984 -0.534 -0.656
2022-12-17/13:24:54 770.602 0.776 -0.609 -0.736
2022-12-17/17:06:58 945.493 0.936 -0.560 -0.676
2022-12-17/20:43:54 807.110 0.802 -0.608 -0.726
2022-12-18/00:20:06 636.542 0.615 -0.657 -0.779
2022-12-18/04:04:02 911.585 0.894 -0.585 -0.692
2022-12-18/07:48:17 1232.771 1.149 -0.483 -0.567
2022-12-18/11:19:17 723.971 0.700 -0.646 -0.757
2022-12-18/14:54:33 516.975 0.446 -0.692 -0.810
2022-12-18/18:41:01 923.495 0.888 -0.600 -0.693
2022-12-18/22:18:29 817.204 0.783 -0.634 -0.730
2022-12-19/01:56:45 762.312 0.724 -0.651 -0.748
2022-12-19/05:42:37 1177.375 1.088 -0.536 -0.599
2022-12-19/09:24:05 1325.291 1.191 -0.494 -0.538
2022-12-19/12:56:48 909.062 0.855 -0.626 -0.703
2022-12-19/16:31:36 655.344 0.588 -0.687 -0.782
2022-12-19/20:14:08 847.302 0.787 -0.651 -0.727
2022-12-19/23:55:56 1005.352 0.929 -0.615 -0.672
2022-12-20/03:33:40 915.404 0.845 -0.642 -0.705
2022-12-20/07:22:12 1521.785 1.300 -0.464 -0.461
2022-12-20/10:58:44 1344.028 1.180 -0.530 -0.541
2022-12-20/14:28:00 722.850 0.637 -0.694 -0.770
2022-12-20/18:07:16 729.387 0.639 -0.696 -0.768
2022-12-20/21:46:11 713.151 0.615 -0.702 -0.774
2022-12-21/01:24:43 674.491 0.567 -0.710 -0.785
2022-12-21/05:04:47 724.303 0.620 -0.706 -0.773
2022-12-21/08:53:35 1323.996 1.145 -0.572 -0.559
2022-12-21/12:24:35 804.730 0.695 -0.701 -0.752
2022-12-21/16:00:51 639.101 0.507 -0.724 -0.797
2022-12-21/19:42:51 799.643 0.680 -0.708 -0.755
2022-12-21/23:21:59 794.546 0.670 -0.713 -0.758
2022-12-22/03:00:14 738.866 0.607 -0.723 -0.775
2022-12-22/06:42:10 902.882 0.770 -0.702 -0.726
2022-12-22/10:26:46 1246.260 1.059 -0.633 -0.601
2022-12-22/14:00:14 881.635 0.739 -0.713 -0.735
2022-12-22/17:33:54 571.599 0.389 -0.743 -0.817
2022-12-22/21:13:14 580.591 0.393 -0.745 -0.816
2022-12-23/00:51:34 535.989 0.329 -0.746 -0.825
2022-12-23/04:41:54 1191.235 0.996 -0.672 -0.630
2022-12-23/08:21:37 1227.368 1.020 -0.669 -0.618
2022-12-23/11:59:17 1127.644 0.934 -0.695 -0.657
2022-12-23/15:30:49 664.988 0.473 -0.754 -0.802
2022-12-23/19:07:41 545.250 0.319 -0.753 -0.826
2022-12-23/22:44:57 455.233 0.183 -0.744 -0.838
2022-12-24/02:25:17 505.906 0.253 -0.752 -0.833
2022-12-24/06:08:57 742.200 0.543 -0.761 -0.787
2022-12-24/09:51:17 930.240 0.730 -0.750 -0.733
2022-12-24/13:30:37 937.625 0.732 -0.753 -0.732
2022-12-24/17:05:44 696.702 0.476 -0.769 -0.801
2022-12-24/20:48:08 886.638 0.673 -0.764 -0.750
2022-12-25/00:22:00 585.054 0.329 -0.768 -0.826
2022-12-25/04:03:40 716.776 0.483 -0.776 -0.799
2022-12-25/07:47:28 993.810 0.761 -0.765 -0.720
2022-12-25/11:31:08 1281.720 1.000 -0.729 -0.617
2022-12-25/15:09:28 1223.685 0.949 -0.744 -0.642
2022-12-25/18:42:36 842.338 0.599 -0.784 -0.770
2022-12-25/22:21:47 844.421 0.594 -0.788 -0.771
2022-12-26/02:04:03 1031.981 0.770 -0.780 -0.714
2022-12-26/05:49:27 1435.581 1.094 -0.726 -0.564
2022-12-26/09:43:51 2419.185 1.658 -0.456 -0.093
2022-12-26/13:30:51 2870.451 1.827 -0.284 0.162
2022-12-26/17:05:51 2632.237 1.742 -0.393 0.021
2022-12-26/20:40:11 2343.077 1.616 -0.508 -0.139
2022-12-27/00:10:27 1772.607 1.300 -0.684 -0.426
2022-12-27/03:57:55 2302.038 1.590 -0.539 -0.167
2022-12-27/07:26:10 1595.748 1.176 -0.735 -0.508
2022-12-27/11:10:46 1953.118 1.398 -0.658 -0.346
2022-12-27/14:45:34 1663.869 1.213 -0.734 -0.482
2022-12-27/18:24:30 1646.012 1.197 -0.743 -0.491
2022-12-27/21:58:38 1314.434 0.950 -0.801 -0.629
2022-12-28/01:32:18 959.176 0.635 -0.826 -0.754
2022-12-28/05:09:50 856.036 0.529 -0.825 -0.784
2022-12-28/08:47:38 775.166 0.440 -0.821 -0.805
2022-12-28/12:36:29 1385.707 0.986 -0.811 -0.608
2022-12-28/16:13:53 1266.274 0.885 -0.828 -0.656
2022-12-28/19:48:53 996.504 0.646 -0.840 -0.748
2022-12-28/23:21:57 640.211 0.264 -0.805 -0.836
2022-12-29/03:02:57 739.103 0.372 -0.825 -0.819
2022-12-29/06:45:13 920.178 0.556 -0.846 -0.774
2022-12-29/10:29:37 1253.966 0.850 -0.849 -0.668
2022-12-29/14:13:01 1531.517 1.059 -0.829 -0.562
2022-12-29/17:48:32 1287.335 0.866 -0.856 -0.659
2022-12-29/21:23:20 1005.230 0.617 -0.860 -0.754
2022-12-30/00:57:40 716.906 0.316 -0.828 -0.829
2022-12-30/04:46:36 1320.988 0.878 -0.866 -0.651
2022-12-30/08:19:48 937.324 0.536 -0.863 -0.778
2022-12-30/12:02:52 1185.542 0.756 -0.877 -0.702
2022-12-30/15:43:16 1263.979 0.815 -0.880 -0.677
2022-12-30/19:20:52 1159.582 0.722 -0.883 -0.714
2022-12-30/22:57:55 1024.891 0.598 -0.880 -0.757
2022-12-31/02:31:31 692.076 0.251 -0.829 -0.840
2022-12-31/06:17:07 1075.912 0.632 -0.889 -0.745
2022-12-31/09:50:07 703.689 0.255 -0.833 -0.839
2022-12-31/13:38:55 1300.613 0.814 -0.902 -0.672
2022-12-31/17:14:51 1088.512 0.626 -0.898 -0.745
2022-12-31/20:50:35 872.645 0.418 -0.873 -0.807
0000-00-00/00:00:00 NaN NaN NaN NaN
2022-12-17/06:13:42 1221.596 1.163 -0.444 -0.562
2022-12-17/09:49:22 993.236 0.984 -0.534 -0.656
2022-12-17/13:24:54 770.602 0.776 -0.609 -0.736
2022-12-17/17:06:58 945.493 0.936 -0.560 -0.676
2022-12-17/20:43:54 807.110 0.802 -0.608 -0.726
2022-12-18/00:20:06 636.542 0.615 -0.657 -0.779
2022-12-18/04:04:02 911.585 0.894 -0.585 -0.692
2022-12-18/07:48:17 1232.771 1.149 -0.483 -0.567
2022-12-18/11:19:17 723.971 0.700 -0.646 -0.757
2022-12-18/14:54:33 516.975 0.446 -0.692 -0.810
2022-12-18/18:41:01 923.495 0.888 -0.600 -0.693
2022-12-18/22:18:29 817.204 0.783 -0.634 -0.730
2022-12-19/01:56:45 762.312 0.724 -0.651 -0.748
2022-12-19/05:42:37 1177.375 1.088 -0.536 -0.599
2022-12-19/09:24:05 1325.291 1.191 -0.494 -0.538
2022-12-19/12:56:48 909.062 0.855 -0.626 -0.703
2022-12-19/16:31:36 655.344 0.588 -0.687 -0.782
2022-12-19/20:14:08 847.302 0.787 -0.651 -0.727
2022-12-19/23:55:56 1005.352 0.929 -0.615 -0.672
2022-12-20/03:33:40 915.404 0.845 -0.642 -0.705
2022-12-20/07:22:12 1521.785 1.300 -0.464 -0.461
2022-12-20/10:58:44 1344.028 1.180 -0.530 -0.541
2022-12-20/14:28:00 722.850 0.637 -0.694 -0.770
2022-12-20/18:07:16 729.387 0.639 -0.696 -0.768
2022-12-20/21:46:11 713.151 0.615 -0.702 -0.774
2022-12-21/01:24:43 674.491 0.567 -0.710 -0.785
2022-12-21/05:04:47 724.303 0.620 -0.706 -0.773
2022-12-21/08:53:35 1323.996 1.145 -0.572 -0.559
2022-12-21/12:24:35 804.730 0.695 -0.701 -0.752
2022-12-21/16:00:51 639.101 0.507 -0.724 -0.797
2022-12-21/19:42:51 799.643 0.680 -0.708 -0.755
2022-12-21/23:21:59 794.546 0.670 -0.713 -0.758
2022-12-22/03:00:14 738.866 0.607 -0.723 -0.775
2022-12-22/06:42:10 902.882 0.770 -0.702 -0.726
2022-12-22/10:26:46 1246.260 1.059 -0.633 -0.601
2022-12-22/14:00:14 881.635 0.739 -0.713 -0.735
2022-12-22/17:33:54 571.599 0.389 -0.743 -0.817
2022-12-22/21:13:14 580.591 0.393 -0.745 -0.816
2022-12-23/00:51:34 535.989 0.329 -0.746 -0.825
2022-12-23/04:41:54 1191.235 0.996 -0.672 -0.630
2022-12-23/08:21:37 1227.368 1.020 -0.669 -0.618
2022-12-23/11:59:17 1127.644 0.934 -0.695 -0.657
2022-12-23/15:30:49 664.988 0.473 -0.754 -0.802
2022-12-23/19:07:41 545.250 0.319 -0.753 -0.826
2022-12-23/22:44:57 455.233 0.183 -0.744 -0.838
2022-12-24/02:25:17 505.906 0.253 -0.752 -0.833
2022-12-24/06:08:57 742.200 0.543 -0.761 -0.787
2022-12-24/09:51:17 930.240 0.730 -0.750 -0.733
2022-12-24/13:30:37 937.625 0.732 -0.753 -0.732
2022-12-24/17:05:44 696.702 0.476 -0.769 -0.801
2022-12-24/20:48:08 886.638 0.673 -0.764 -0.750
2022-12-25/00:22:00 585.054 0.329 -0.768 -0.826
2022-12-25/04:03:40 716.776 0.483 -0.776 -0.799
2022-12-25/07:47:28 993.810 0.761 -0.765 -0.720
2022-12-25/11:31:08 1281.720 1.000 -0.729 -0.617
2022-12-25/15:09:28 1223.685 0.949 -0.744 -0.642
2022-12-25/18:42:36 842.338 0.599 -0.784 -0.770
2022-12-25/22:21:47 844.421 0.594 -0.788 -0.771
2022-12-26/02:04:03 1031.981 0.770 -0.780 -0.714
2022-12-26/05:49:27 1435.581 1.094 -0.726 -0.564
2022-12-26/09:43:51 2419.185 1.658 -0.456 -0.093
2022-12-26/13:30:51 2870.451 1.827 -0.284 0.162
2022-12-26/17:05:51 2632.237 1.742 -0.393 0.021
2022-12-26/20:40:11 2343.077 1.616 -0.508 -0.139
2022-12-27/00:10:27 1772.607 1.300 -0.684 -0.426
2022-12-27/03:57:55 2302.038 1.590 -0.539 -0.167
2022-12-27/07:26:10 1595.748 1.176 -0.735 -0.508
2022-12-27/11:10:46 1953.118 1.398 -0.658 -0.346
2022-12-27/14:45:34 1663.869 1.213 -0.734 -0.482
2022-12-27/18:24:30 1646.012 1.197 -0.743 -0.491
2022-12-27/21:58:38 1314.434 0.950 -0.801 -0.629
2022-12-28/01:32:18 959.176 0.635 -0.826 -0.754
2022-12-28/05:09:50 856.036 0.529 -0.825 -0.784
2022-12-28/08:47:38 775.166 0.440 -0.821 -0.805
2022-12-28/12:36:29 1385.707 0.986 -0.811 -0.608
2022-12-28/16:13:53 1266.274 0.885 -0.828 -0.656
2022-12-28/19:48:53 996.504 0.646 -0.840 -0.748
2022-12-28/23:21:57 640.211 0.264 -0.805 -0.836
2022-12-29/03:02:57 739.103 0.372 -0.825 -0.819
2022-12-29/06:45:13 920.178 0.556 -0.846 -0.774
2022-12-29/10:29:37 1253.966 0.850 -0.849 -0.668
2022-12-29/14:13:01 1531.517 1.059 -0.829 -0.562
2022-12-29/17:48:32 1287.335 0.866 -0.856 -0.659
2022-12-29/21:23:20 1005.230 0.617 -0.860 -0.754
2022-12-30/00:57:40 716.906 0.316 -0.828 -0.829
2022-12-30/04:46:36 1320.988 0.878 -0.866 -0.651
2022-12-30/08:19:48 937.324 0.536 -0.863 -0.778
2022-12-30/12:02:52 1185.542 0.756 -0.877 -0.702
2022-12-30/15:43:16 1263.979 0.815 -0.880 -0.677
2022-12-30/19:20:52 1159.582 0.722 -0.883 -0.714
2022-12-30/22:57:55 1024.891 0.598 -0.880 -0.757
2022-12-31/02:31:31 692.076 0.251 -0.829 -0.840
2022-12-31/06:17:07 1075.912 0.632 -0.889 -0.745
2022-12-31/09:50:07 703.689 0.255 -0.833 -0.839
2022-12-31/13:38:55 1300.613 0.814 -0.902 -0.672
2022-12-31/17:14:51 1088.512 0.626 -0.898 -0.745
2022-12-31/20:50:35 872.645 0.418 -0.873 -0.807
